 -----------------------------------------------------------------------
  W            W            W              TTTTTTTTTTTTTTTTTTTT         
   W          W W          W                        TT                  
    W        W   W        W                         TT                  
     W      W     W      W                          TT                  
      W    W       W    W                           TT                  
       W  W         W  W                            TT                  
        WW           WW                             TT                  
        W             W                             TT                  
                                                                        
                        Welcome to WannierTools.                       
                             Version 2.7.1     
                   Tools for novel topological materials.               
                          Enjoy it and good luck.                       
                           Author : QuanSheng Wu                        
                        Email : wuquansheng@gmail.com                   
               Find more information on www.wanniertools.com            
 =======================================================================
                                                                        
 You are using     1 CPU cores
  
   
 >>>Read some paramters from wt.in
 You are using : TB     model
 Tight-binding Hamiltonian FROM: Hr File
 Is_Sparse_Hr=  F
 Tight-binding Hamiltonian filename : wannier90_hr.dat         
 System of particle: electron                 
 Tight-binding Hamiltonian obtained from package : OpenMx                   
   
 >>>Control parameters: 
 BulkBand_line_calc                :  F
 BulkBand_plane_calc               :  F
 Landaulevel_unfold_line_calc      :  F
 BulkBand_unfold_line_calc         :  F
 BulkBand_unfold_plane_calc        :  F
 QPI_unfold_plane_calc             :  F
 BulkFatBand_calc                  :  F
 BulkBand_cube_calc                :  F
 BulkFS_calc                       :  F
 BulkFS_Plane_calc                 :  F
 BulkFS_plane_stack_calc           :  F
 BulkGap_cube_calc                 :  F
 BulkGap_plane_calc                :  F
 SlabBand_calc                     :  T
 SlabBandWaveFunc_calc             :  F
 SlabSS_calc                       :  T
 SlabArc_calc                      :  F
 SlabSpintexture_calc              :  F
 wanniercenter_calc                :  F
 Wilsonloop_calc                   :  F
 BerryPhase_calc                   :  F
 BerryCurvature_calc               :  F
 BerryCurvature_EF_calc            :  F
 BerryCurvature_kpath_EF_calc      :  F
 BerryCurvature_kpath_Occupied_calc:  F
 BerryCurvature_Cube_calc          :  F
 BerryCurvature_slab_calc          :  F
 Dos_calc                          :  F
 Z2_3D_calc                        :  F
 WeylChirality_calc                :  F
 NLChirality_calc                  :  F
 Chern_3D_calc                     :  F
 MirrorChern_calc                  :  F
 JDos_calc                         :  F
 FindNodes_calc                    :  F
 EffectiveMass_calc                :  F
 AHC_calc                          :  F
 SHC_calc                          :  F
 Boltz_OHE_calc                    :  F
 Boltz_Berry_correction            :  F
 LOTO_correction                   :  F
 OrbitalTexture_calc               :  F
 OrbitalTexture_3D_calc            :  F
 LandauLevel_k_calc                :  F
 LandauLevel_B_calc                :  F
 LandauLevel_wavefunction_calc     :  F
 Fit_kp_calc                       :  F
 DMFT_MAG_calc                     :  F
 Translate_to_WS_calc              :  F
 LandauLevel_kplane_calc           :  F
 LandauLevel_k_dos_calc            :  F
 LandauLevel_B_dos_calc            :  F
 FermiLevel_calc                   :  F
 ANE_calc                      :  F
 Symmetry_Import_calc              :  F
 ChargeDensity_selected_bands_calc :  F
 ChargeDensity_selected_energies_calc :  F
 valley_projection_calc :  F
 SlabBdG_calc        :  F
 BdGChern_calc       :  F
 Warning: Numoccupied is set to 1 since you didn't set it!
   
 >>>System parameters: 
 NumSlabs :    10
 Nslab1 for ribbon  :     1
 Nslab2 for ribbon  :     1
 Number of Occupied bands:     1
 Number of total electrons:    1.000000
 With SOC or not in Hrfile:     1
 Fermi energy (eV) :        0.000000
 surf_onsite (eV):         0.500000
 Add_Zeeman_Field:  F
 Add_surf_zeeman_field for slab system:      1
 Zeeman_energy_in_eV (eV):         0.000000
 Electric_field_in_eVpA (eV/Angstrom):         0.000000
 Symmetrical_Electric_field_in_eVpA (eV/Angstrom):         0.000000
 Inner_symmetrical_Electric_Field:  F
 ijmax :    10
   
 **Notes**: There are two ways to specify magnetic field.
 1. specify Bmagnitude, Btheta, Bphi
 2. specify Bx, By, Bz
 Bmagnitude, Bx, By, Bz are real numbers in unit of Tesla. and Bx, By, Bz 
 are in the cartesian coordinates. Btheta is the angle with z axial 
  and Bphi is the angle with respect to x axial in the x-y plane
  Btheta is in [0, 180], Bphi is in [0, 360).
 If you specify both of them together, we will choose the first one.
 If choose the first one, but not specify Btheta, Bphi, then 
 by default we set Btheta=0, Bphi=0 which means B is along z direction.
 Bx_surf, By_surf, Bz_surf :        0.000000        0.000000        0.000000
 Chemical potential mu for BdG (eV):        0.000000
 Add_Delta_BdG for slab system:      3
 s-wave superconducting pairing Delta (eV):         0.000000
  
  Warning: You didn't specify the magnitude of magnetic field.
  
 >>You did not specified the magnitude of magnetic field, 
  and also didn't set Bx, By, Bz. So we will set the magnetic direction
  from the settings of Btheta, Bphi.
  If you even didn't set Btheta, Bphi, we will take the default value, 
  Btheta=0, Bphi=0 which means B is along z direction
 >>You didn't set Btheta, and we set it to 0.
 >>You didn't set Bphi, and we set it to 0.
 Bmagnitude (in Tesla) :        1.000000
 Btheta, Bphi :        0.000000        0.000000
 Bx, By, Bz (in Tesla) :        0.000000        0.000000        1.000000
 B direction cosines :        0.000000        0.000000        1.000000
   
 >>>calculation parameters : 
 iso_energy :         -0.05000 eV
 Fermi_broadening :          0.00100 eV
 symprec :          0.00010
 EF_integral_range :          0.05000 eV
 Gap_threshold         1.00000 eV
 OmegaMin :         -0.60000 eV
 OmegaMax :          0.60000 eV
 OmegaNum :    401
 OmegaNum_unfold :    200
 Nk1 :    101
 Nk2 :    101
 Nk3 :    101
 NP number of principle layers  :      3
 Tmin(Kelvin)  :        100.00000
 Tmax(Kelvin)  :        100.00000
 NumT  :      1
 NBTau  :      1
 Beta  :        100.00000
 Nslice_BTau_Max  :   5000
 BTauMax(Tesla.ps)         0.00000
 Relaxation_Time_Tau (ps)         1.00000
 Rcut    999999.00000
 Magp               1
 iprint_level               1
 RKF45_PERIODIC_LEVEL            1.00
 Magp_min               0
 Magp_max               1
 wcc_calc_tol         0.08000
 wcc_neighbour_tol         0.30000
 NumLCZVecs   100
 NumSelectedEigenVals     0
 NumRandomConfs:     1
 Projection weight mode:NORMAL              
 The size of magnetic supercell is Magq= :      10
 Penetration depth of incoming photon for ARPES, in unit angstrom :         5.00000
 Photon energy for ARPES, in unit eV :         0.00000
 Incoming light is at alpha angular to the normal line of the experiment plane :         0.78540
 The ratio between two orthogonal polarization vector components         0.00000
 The relative phase between two orthogonal polarization vector components         0.00000
  
 We found LATTICE card
>> lattice information (Angstrom)
           a           b           c       alpha        beta       gamma
    4.057776    4.057776   30.189237   47.625949   47.625949   63.501189
 Three Lattice vectors of the unfolded cell: 
    4.057776    0.000000    0.000000
   -2.028879    3.514142    0.000000
    0.000000    0.000000   30.189237
>> Reciprocal lattice information (1/Angstrom)
           a           b           c       alpha        beta       gamma
    1.787971    1.787971    0.208127  170.075351  170.075351  113.383841
 Three reciprocal lattice vectors of the primitive cell: 
    1.548431    0.893982    0.000000
    0.000000    1.787971    0.000000
    0.000000    0.000000    0.208127
  
 We found ATOM_POSITIONS card
Origin_cell%Num_atoms    3
  
 Warning: You didn't specify the atom magnetic moment in the ATOMIC_POSITION car
 d Or the format is wrong. So we set all the Atom-magnetic-moments to zero.
 
>> Atom position and magnetic moment of Original lattice
                                    Catesian(Ang)                  Fractional(Direct)         Magnetic moment
------------------------------------------------------------------------------------------------------------------
 index  Atom Name            x           y           z           a           b           c      Mx      My      Mz
------------------------------------------------------------------------------------------------------------------
     1  La           -0.000576    2.339783   14.865797    0.332766    0.665819    0.492420   0.000   0.000   0.000
     2  N             4.053064    0.000187   14.029475    0.998865    0.000053    0.464718   0.000   0.000   0.000
     3  N             2.032439    1.165237   15.702114    0.666667    0.331585    0.520123   0.000   0.000   0.000
  
 We found PROJECTORS card
 >>Number of projectors per atoms:
     5     3     3
La      dxy     dyz     dxz     dx2-y2  dz2     
N       px      py      pz      
N       px      py      pz      
  
 >> Wannier centers by default, in unit of unit lattice vectors
 iwann        R1        R2        R3         x         y         z
     1  0.332766  0.665819  0.492420 -0.000576  2.339783 14.865797
     2  0.332766  0.665819  0.492420 -0.000576  2.339783 14.865797
     3  0.332766  0.665819  0.492420 -0.000576  2.339783 14.865797
     4  0.332766  0.665819  0.492420 -0.000576  2.339783 14.865797
     5  0.332766  0.665819  0.492420 -0.000576  2.339783 14.865797
     6  0.998865  0.000053  0.464718  4.053064  0.000187 14.029475
     7  0.998865  0.000053  0.464718  4.053064  0.000187 14.029475
     8  0.998865  0.000053  0.464718  4.053064  0.000187 14.029475
     9  0.666667  0.331585  0.520123  2.032439  1.165237 15.702114
    10  0.666667  0.331585  0.520123  2.032439  1.165237 15.702114
    11  0.666667  0.331585  0.520123  2.032439  1.165237 15.702114
    12  0.332766  0.665819  0.492420 -0.000576  2.339783 14.865797
    13  0.332766  0.665819  0.492420 -0.000576  2.339783 14.865797
    14  0.332766  0.665819  0.492420 -0.000576  2.339783 14.865797
    15  0.332766  0.665819  0.492420 -0.000576  2.339783 14.865797
    16  0.332766  0.665819  0.492420 -0.000576  2.339783 14.865797
    17  0.998865  0.000053  0.464718  4.053064  0.000187 14.029475
    18  0.998865  0.000053  0.464718  4.053064  0.000187 14.029475
    19  0.998865  0.000053  0.464718  4.053064  0.000187 14.029475
    20  0.666667  0.331585  0.520123  2.032439  1.165237 15.702114
    21  0.666667  0.331585  0.520123  2.032439  1.165237 15.702114
    22  0.666667  0.331585  0.520123  2.032439  1.165237 15.702114
 We didn't found LATTICE_UNFOLD card, so it is the same as the unit cell.
>> Folded lattice information (Angstrom)
           a           b           c       alpha        beta       gamma
    4.057776    4.057776   30.189237   47.625949   47.625949   63.501189
 Three Lattice vectors of unfolded cell: 
    4.057776    0.000000    0.000000
   -2.028879    3.514142    0.000000
    0.000000    0.000000   30.189237
>> Folded Reciprocal lattice information (1/Angstrom)
           a           b           c       alpha        beta       gamma
    1.787971    1.787971    0.208127  170.075351  170.075351  113.383841
 Three reciprocal lattice vectors of unfolded cell: 
    1.548431    0.893982    0.000000
    0.000000    1.787971    0.000000
    0.000000    0.000000    0.208127
 
>> The relation between the original lattice and the unfolded lattice
>> The cell volume ratio is:     1.000000
>> The lattice constant a ratio is:     1.000000
>> The lattice constant b ratio is:     1.000000
>> The lattice constant c ratio is:     1.000000
>> Origin_cell in unit of Folded_cell: R1      1.000000    0.000000    0.000000
>> Origin_cell in unit of Folded_cell: R2      0.000000    1.000000    0.000000
>> Origin_cell in unit of Folded_cell: R3      0.000000    0.000000    1.000000
 
 
>>> Atom position and magnetic moment of Unfolded lattice
                                    Catesian(Ang)                  Fractional(Direct)         Magnetic moment
------------------------------------------------------------------------------------------------------------------
 index  Atom Name            x           y           z           a           b           c      Mx      My      Mz
------------------------------------------------------------------------------------------------------------------
     1  La           -0.000576    2.339783   14.865797    0.332766    0.665819    0.492420   0.000   0.000   0.000
     2  N             4.053064    0.000187   14.029475    0.998865    0.000053    0.464718   0.000   0.000   0.000
     3  N             2.032439    1.165237   15.702114    0.666667    0.331585    0.520123   0.000   0.000   0.000
  
 We found MILLER_INDEX card for slab calculations
  Miller indices are :     1     0     0
   Congratulations, you got a unit cell that has 
  the same volume as the original unit cell 
  The unitary rotation matrix is : 
     0.000    -1.000     0.000
     0.000     0.000    -1.000
     1.000     0.000     0.000
  
 The lattice vectors for new cell are : 
 R1=     3.834    -6.641     0.000
 R2=     0.000     0.000   -57.049
 R3=     7.668     0.000     0.000
  Where R1 and R2 are in (hkl) plane
  
 The rotated new unit cell in cartesian coordinates : 
    3.834026   -6.640766    0.000000
    0.000000    0.000000  -57.049390
    7.668085    0.000000    0.000000
New cell's Volume is          430.48648Ang^3
  
 Fractional coordinates of atoms in units of new lattice vectors : 
La      0.334181    0.507580    0.332766
N       0.999947    0.535282    0.998865
N       0.668415    0.479877    0.666667
  
 
 >> Top surface atom is      2 N         
 
 2D Primitive Cell_Volume:    122.501153644129     
 Ra2, Rb2
    4.0578    0.0000
    0.0000   30.1892
 Ka2, Kb2
    0.4336    0.0000
    0.0000    0.0583
>> lattice information of the magnetic supercell (Angstrom)
    2.028879   -3.514142    0.000000
    0.000000    0.000000  -30.189237
   40.577760    0.000000    0.000000
>> Reciprocal lattice information of the magnetic supercell (1/Angstrom)
    0.000000   -1.787971    0.000000
    0.000000    0.000000   -0.208127
    0.154843    0.089398    0.000000
  
3D Primitive Origin_cell%CellVolume:     430.48647617 in Angstrom^3
3D Magnetic supercell Volume:    4304.86476173 in Angstrom^3
Projected area of magnetic supercell normal to the first vector specifed in SURFACE card:    3788.51668983 in Angstrom^2
  
 We found KPATH_BULK card
Number of K lines :     4
 X      0.5000   0.0000   0.0000  G       0.0000   0.0000   0.0000
 G      0.0000   0.0000   0.0000  Y       0.0000   0.5000   0.0000
 Y      0.0000   0.5000   0.0000  M       0.5000   0.5000   0.0000
 M      0.5000   0.5000   0.0000  G       0.0000   0.0000   0.0000
  
 We found KPATH_SLAB card
 k lines for 2D system
 No. of k lines for 2D system :            2
  G     0.00000  0.00000    X      -0.50000  0.00000
  X     0.50000  0.00000    G       0.00000  0.00000
  
 We found KPLANE_SLAB card
 >> Kpoints plane for 2D system--> arcs  
K2D_start:  0.0000  0.0000
The first vector:   1.0000  0.0000
The second vector:   0.0000  1.0000
  
 We found KPLANE_BULK card
 >> Kpoints plane for 3D system--> gapshape  
k3D_start :  -0.5000 -0.5000  0.0000
The 1st vector:   1.0000  0.0000  0.0000
The 2nd vector:   0.0000  1.0000  0.0000
  
 We found KCUBE_BULK card
 >> Kpoints cube for 3D system--> gapshape3D  
k3D_start : -0.5000 -0.5000 -0.5000
The 1st vector:   1.0000  0.0000  0.0000
The 2nd vector:   0.0000  1.0000  0.0000
The 3rd vector:   0.0000  0.0000  1.0000
kCubeVolume:   0.5762
ReciprocalOrigin_cell%CellVolume:   0.5762
  
  
 >> Using default parameters for Kpoint_3D
>> k points  0.0000 0.0000 0.0000 in unit of reciprocal primitive cell
>> k points  0.0000 0.0000 0.0000 in Cartesian coordinates
  
 >> Using default parameters for effective mass calculation
 >> Effective mass calculation parameters  
>> The     1'th band
>> k step  0.0100 in unit of 1/Angstrom
>> k points  0.0000 0.0000 0.0000 in unit of reciprocal primitive cell
>> k points  0.0000 0.0000 0.0000 in unit of 1/Angstrom
  
 >> We use the default values for k3points_pointmode_direct=[0,0,0]
 >> and Nk3_point_mode = 1
  
 >> We use the default values for k3points_unfold_pointmode_direct=[0,0,0]
 >> and Nk3_unfold_point_mode = 1
  
 >> We use the default values for Single_KPOINT_2D_DIRECT=[0,0]
  
 >> We use the default values for Single_KPOINT_3D_DIRECT=[0,0,0]
 >> Output all atoms weight for surface state spectrum
 > NtopAtoms            3
> TopAtoms 
     1     2     3
> NbottomAtoms          3
> BottomAtoms 
     1     2     3
 > NtopOrbitals           22
> TopOrbitals 
     1     2     3     4     5     6     7     8     9    10
    11    12    13    14    15    16    17    18    19    20
    21    22
> NBottomOrbitals   22
> BottomOrbitals 
     1     2     3     4     5     6     7     8     9    10
    11    12    13    14    15    16    17    18    19    20
    21    22
  
 >> We do not calculate chirality for nodal lines
  
 >> We do not calculate chirality for weyl points
  
>> There are    1 groups of SelectedAtoms
Group :   1
>> Number of atoms selected         3
>> Selected atoms are
    1  La            2  N             3  N         
  
>> There are   1 groups of SelectedOrbitals
 >> SelectedOrbitals
>> Number of orbitals selected (exclude spin degenarcy)        22
>> Orbitals are
       1       2       3       4       5       6       7       8       9      10      11      12
      13      14      15      16      17      18      19      20      21      22
  
 >> SELECTED_OCCUPIED_BANDS
>> Number of Occupied bands selected          1
>> OccupiedBand indices are
     1
  
  
 >> SELECTEDBANDS
>> Number of bands selected         22
>> Band indices are
     1     2     3     4     5     6     7     8     9    10    11    12
    13    14    15    16    17    18    19    20    21    22
  
 <<<Read wt.in file successfully
 Time cost for readinput is about           20.535 s
  
 >> We finished the symmetry reducing of the kpoints in the kcube
  Number of kpoints mesh is    1030301
  Number of symmetry reduced kpoints is          0
  
 Time cost for symmetry is about            0.000 s
  >> Begin to read Hmn_R.data
  
>>: Center position for zero electrical potential for adding electrical field    0.666099    0.332486    0.492420
 
  Note: This is not a 2D system or E=0, so we can't add electric field.
 
 
 >> Hopping parameters in the home unit cell
 >> H00= Hmn(R=0) real part
 -1.381  0.010 -0.032 -0.031  0.112  0.140 -0.015  0.199  0.000  0.006  0.107  0.059  0.060 -0.023  0.062  0.109  0.029 -0.019 -0.138 -0.007 -0.203 -0.157
  0.010 -1.173  0.010 -0.126  0.114  0.122 -0.067 -0.075 -0.022  0.191 -0.040  0.012  0.069 -0.069 -0.009  0.099 -0.085  0.061  0.019 -0.083  0.048  0.041
 -0.032  0.010 -1.519 -0.204  0.037 -0.000  0.053  0.125  0.055 -0.116  0.193 -0.145  0.051 -0.024  0.137 -0.010 -0.062 -0.042 -0.041  0.204  0.159 -0.134
 -0.031 -0.126 -0.204 -1.456  0.037  0.009 -0.063 -0.020 -0.004  0.099 -0.078  0.127 -0.060 -0.055 -0.006  0.079  0.051 -0.053  0.012  0.087 -0.058  0.092
  0.112  0.114  0.037  0.037 -0.749 -0.047 -0.028 -0.046 -0.035 -0.047  0.062 -0.154  0.007 -0.210 -0.121 -0.007  0.006  0.048 -0.010  0.036 -0.057 -0.021
  0.140  0.122 -0.000  0.009 -0.047  4.142  0.054 -0.008 -0.050  0.026  0.005 -0.011  0.196  0.005 -0.019 -0.032 -0.126 -0.031 -0.060  0.014  0.138 -0.079
 -0.015 -0.067  0.053 -0.063 -0.028  0.054  4.463 -0.035 -0.035 -0.032  0.045  0.035  0.080 -0.018  0.022  0.019  0.020 -0.089 -0.047 -0.096 -0.016  0.036
  0.199 -0.075  0.125 -0.020 -0.046 -0.008 -0.035  4.171  0.058  0.004  0.037  0.095  0.254 -0.025 -0.018  0.062 -0.123  0.026  0.008  0.052  0.004 -0.059
  0.000 -0.022  0.055 -0.004 -0.035 -0.050 -0.035  0.058  4.092 -0.164  0.023  0.013 -0.132  0.242 -0.190 -0.190 -0.146  0.023 -0.040  0.002  0.116 -0.057
  0.006  0.191 -0.116  0.099 -0.047  0.026 -0.032  0.004 -0.164  3.595 -0.053  0.099 -0.565 -0.168  0.067  0.036 -0.281  0.020  0.041  0.004  0.326  0.044
  0.107 -0.040  0.193 -0.078  0.062  0.005  0.045  0.037  0.023 -0.053  3.841  0.004 -0.181  0.001 -0.008  0.029 -0.695  0.068  0.046 -0.074 -0.006 -0.511
  0.059  0.012 -0.145  0.127 -0.154 -0.011  0.035  0.095  0.013  0.099  0.004  2.832  0.126  0.136 -0.096  0.070 -0.122 -0.573  0.033  0.034  0.333 -0.115
  0.060  0.069  0.051 -0.060  0.007  0.196  0.080  0.254 -0.132 -0.565 -0.181  0.126  1.208 -0.046  0.012  0.097 -0.014  0.047  0.078 -0.197  0.296  0.056
 -0.023 -0.069 -0.024 -0.055 -0.210  0.005 -0.018 -0.025  0.242 -0.168  0.001  0.136 -0.046 -0.857  0.015 -0.063  0.225 -0.031 -0.038 -0.023 -0.077 -0.003
  0.062 -0.009  0.137 -0.006 -0.121 -0.019  0.022 -0.018 -0.190  0.067 -0.008 -0.096  0.012  0.015 -1.390  0.075  0.019  0.063 -0.017 -0.419  0.014  0.009
  0.109  0.099 -0.010  0.079 -0.007 -0.032  0.019  0.062 -0.190  0.036  0.029  0.070  0.097 -0.063  0.075 -0.863 -0.010 -0.080  0.007 -0.015  0.119 -0.037
  0.029 -0.085 -0.062  0.051  0.006 -0.126  0.020 -0.123 -0.146 -0.281 -0.695 -0.122 -0.014  0.225  0.019 -0.010  0.681 -0.499 -0.011 -0.038  0.177 -0.563
 -0.019  0.061 -0.042 -0.053  0.048 -0.031 -0.089  0.026  0.023  0.020  0.068 -0.573  0.047 -0.031  0.063 -0.080 -0.499  0.530 -0.068  0.013 -0.530 -0.234
 -0.138  0.019 -0.041  0.012 -0.010 -0.060 -0.047  0.008 -0.040  0.041  0.046  0.033  0.078 -0.038 -0.017  0.007 -0.011 -0.068  4.210  0.020  0.056  0.072
 -0.007 -0.083  0.204  0.087  0.036  0.014 -0.096  0.052  0.002  0.004 -0.074  0.034 -0.197 -0.023 -0.419 -0.015 -0.038  0.013  0.020  4.176 -0.003 -0.037
 -0.203  0.048  0.159 -0.058 -0.057  0.138 -0.016  0.004  0.116  0.326 -0.006  0.333  0.296 -0.077  0.014  0.119  0.177 -0.530  0.056 -0.003  0.243  0.111
 -0.157  0.041 -0.134  0.092 -0.021 -0.079  0.036 -0.059 -0.057  0.044 -0.511 -0.115  0.056 -0.003  0.009 -0.037 -0.563 -0.234  0.072 -0.037  0.111  3.360
 
 >> H00= Hmn(R=0) imagary part
  0.000  0.138 -0.060 -0.041 -0.014 -0.049 -0.154  0.154  0.067  0.010  0.089  0.156  0.098  0.079 -0.112  0.006  0.122 -0.010  0.036  0.149 -0.174  0.074
 -0.138  0.000 -0.089 -0.205 -0.022 -0.129  0.479  0.007  0.095 -0.064 -0.015 -0.021 -0.166 -0.044 -0.073 -0.062 -0.005 -0.106  0.041 -0.256 -0.061  0.030
  0.060  0.089  0.000 -0.086  0.005 -0.037 -0.047 -0.038  0.391 -0.194  0.180  0.084 -0.043  0.023  0.178 -0.002 -0.116 -0.058 -0.049 -0.077  0.022 -0.100
  0.041  0.205  0.086  0.000 -0.078  0.001  0.019 -0.003  0.107 -0.095 -0.100  0.013 -0.048 -0.004  0.043 -0.089  0.029  0.050  0.035  0.084 -0.055  0.057
  0.014  0.022 -0.005  0.078  0.000  0.034 -0.203 -0.056 -0.184  0.022  0.021 -0.349 -0.108 -0.006 -0.119  0.092 -0.084  0.061 -0.011  0.039 -0.017 -0.038
  0.049  0.129  0.037 -0.001 -0.034  0.000  0.006 -0.039  0.006 -0.082 -0.021 -0.016 -0.144 -0.060  0.042  0.087 -0.375 -0.054  0.074 -0.057 -0.003  0.024
  0.154 -0.479  0.047 -0.019  0.203 -0.006  0.000  0.057  0.130  0.003 -0.145  0.029  0.073  0.101 -0.016  0.025 -0.083 -0.015  0.052 -0.014 -0.050  0.003
 -0.154 -0.007  0.038  0.003  0.056  0.039 -0.057  0.000  0.139  0.079  0.012  0.065  0.029 -0.111 -0.142 -0.121  0.140 -0.035  0.004 -0.029  0.063  0.007
 -0.067 -0.095 -0.391 -0.107  0.184 -0.006 -0.130 -0.139  0.000 -0.140 -0.106 -0.143  0.219  0.106 -0.261 -0.122 -0.412 -0.074  0.022 -0.048  0.195 -0.044
 -0.010  0.064  0.194  0.095 -0.022  0.082 -0.003 -0.079  0.140  0.000  0.045 -0.067  0.493 -0.241 -0.014  0.167 -0.197 -0.075 -0.016 -0.017 -0.198 -0.050
 -0.089  0.015 -0.180  0.100 -0.021  0.021  0.145 -0.012  0.106 -0.045  0.000 -0.101  0.022  0.031  0.007 -0.007  0.028 -0.154  0.117  0.046  0.022  0.286
 -0.156  0.021 -0.084 -0.013  0.349  0.016 -0.029 -0.065  0.143  0.067  0.101  0.000 -0.006 -0.076 -0.118 -0.079  0.306 -0.485  0.004 -0.045  0.134  0.080
 -0.098  0.166  0.043  0.048  0.108  0.144 -0.073 -0.029 -0.219 -0.493 -0.022  0.006  0.000 -0.006 -0.074 -0.028 -0.005 -0.016  0.062  0.033  0.158 -0.093
 -0.079  0.044 -0.023  0.004  0.006  0.060 -0.101  0.111 -0.106  0.241 -0.031  0.076  0.006  0.000  0.085 -0.146 -0.112 -0.075  0.038  0.239  0.104  0.023
  0.112  0.073 -0.178 -0.043  0.119 -0.042  0.016  0.142  0.261  0.014 -0.007  0.118  0.074 -0.085  0.000 -0.044 -0.013 -0.032 -0.003  0.355  0.109  0.000
 -0.006  0.062  0.002  0.089 -0.092 -0.087 -0.025  0.121  0.122 -0.167  0.007  0.079  0.028  0.146  0.044  0.000  0.126 -0.123 -0.018 -0.026  0.007  0.035
 -0.122  0.005  0.116 -0.029  0.084  0.375  0.083 -0.140  0.412  0.197 -0.028 -0.306  0.005  0.112  0.013 -0.126  0.000  0.196  0.363 -0.120  0.015  0.226
  0.010  0.106  0.058 -0.050 -0.061  0.054  0.015  0.035  0.074  0.075  0.154  0.485  0.016  0.075  0.032  0.123 -0.196  0.000 -0.016 -0.035  0.193  0.187
 -0.036 -0.041  0.049 -0.035  0.011 -0.074 -0.052 -0.004 -0.022  0.016 -0.117 -0.004 -0.062 -0.038  0.003  0.018 -0.363  0.016  0.000  0.011 -0.036 -0.076
 -0.149  0.256  0.077 -0.084 -0.039  0.057  0.014  0.029  0.048  0.017 -0.046  0.045 -0.033 -0.239 -0.355  0.026  0.120  0.035 -0.011  0.000 -0.012 -0.022
  0.174  0.061 -0.022  0.055  0.017  0.003  0.050 -0.063 -0.195  0.198 -0.022 -0.134 -0.158 -0.104 -0.109 -0.007 -0.015 -0.193  0.036  0.012  0.000  0.175
 -0.074 -0.030  0.100 -0.057  0.038 -0.024 -0.003 -0.007  0.044  0.050 -0.286 -0.080  0.093 -0.023 -0.000 -0.035 -0.226 -0.187  0.076  0.022 -0.175  0.000
 
  << Read Hmn_R.data successfully
  
 >> Start of calculating the slab band structure
 Slabek: ik        4  /       202 time left       1.6s time elapsed:        0.2s
 Slabek: ik        8  /       202 time left       1.6s time elapsed:        0.2s
 Slabek: ik       12  /       202 time left       1.7s time elapsed:        0.3s
 Slabek: ik       16  /       202 time left       1.5s time elapsed:        0.3s
 Slabek: ik       20  /       202 time left       1.5s time elapsed:        0.3s
 Slabek: ik       24  /       202 time left       1.4s time elapsed:        0.4s
 Slabek: ik       28  /       202 time left       1.4s time elapsed:        0.4s
 Slabek: ik       32  /       202 time left       1.4s time elapsed:        0.4s
 Slabek: ik       36  /       202 time left       1.3s time elapsed:        0.4s
 Slabek: ik       40  /       202 time left       1.3s time elapsed:        0.5s
 Slabek: ik       44  /       202 time left       1.3s time elapsed:        0.5s
 Slabek: ik       48  /       202 time left       1.2s time elapsed:        0.5s
 Slabek: ik       52  /       202 time left       1.2s time elapsed:        0.6s
 Slabek: ik       56  /       202 time left       1.2s time elapsed:        0.6s
 Slabek: ik       60  /       202 time left       1.1s time elapsed:        0.6s
 Slabek: ik       64  /       202 time left       1.1s time elapsed:        0.7s
 Slabek: ik       68  /       202 time left       1.1s time elapsed:        0.7s
 Slabek: ik       72  /       202 time left       1.0s time elapsed:        0.7s
 Slabek: ik       76  /       202 time left       1.0s time elapsed:        0.8s
 Slabek: ik       80  /       202 time left       1.0s time elapsed:        0.8s
 Slabek: ik       84  /       202 time left       0.9s time elapsed:        0.8s
 Slabek: ik       88  /       202 time left       0.9s time elapsed:        0.9s
 Slabek: ik       92  /       202 time left       0.9s time elapsed:        0.9s
 Slabek: ik       96  /       202 time left       0.7s time elapsed:        0.9s
 Slabek: ik      100  /       202 time left       0.8s time elapsed:        1.0s
 Slabek: ik      104  /       202 time left       0.8s time elapsed:        1.0s
 Slabek: ik      108  /       202 time left       0.8s time elapsed:        1.0s
 Slabek: ik      112  /       202 time left       0.7s time elapsed:        1.0s
 Slabek: ik      116  /       202 time left       0.7s time elapsed:        1.1s
 Slabek: ik      120  /       202 time left       0.6s time elapsed:        1.1s
 Slabek: ik      124  /       202 time left       0.6s time elapsed:        1.1s
 Slabek: ik      128  /       202 time left       0.6s time elapsed:        1.2s
 Slabek: ik      132  /       202 time left       0.6s time elapsed:        1.2s
 Slabek: ik      136  /       202 time left       0.5s time elapsed:        1.2s
 Slabek: ik      140  /       202 time left       0.5s time elapsed:        1.3s
 Slabek: ik      144  /       202 time left       0.5s time elapsed:        1.3s
 Slabek: ik      148  /       202 time left       0.4s time elapsed:        1.3s
 Slabek: ik      152  /       202 time left       0.4s time elapsed:        1.4s
 Slabek: ik      156  /       202 time left       0.4s time elapsed:        1.4s
 Slabek: ik      160  /       202 time left       0.3s time elapsed:        1.4s
 Slabek: ik      164  /       202 time left       0.3s time elapsed:        1.5s
 Slabek: ik      168  /       202 time left       0.3s time elapsed:        1.5s
 Slabek: ik      172  /       202 time left       0.2s time elapsed:        1.5s
 Slabek: ik      176  /       202 time left       0.2s time elapsed:        1.5s
 Slabek: ik      180  /       202 time left       0.2s time elapsed:        1.6s
 Slabek: ik      184  /       202 time left       0.1s time elapsed:        1.6s
 Slabek: ik      188  /       202 time left       0.1s time elapsed:        1.6s
 Slabek: ik      192  /       202 time left       0.1s time elapsed:        1.7s
 Slabek: ik      196  /       202 time left       0.0s time elapsed:        1.7s
 Slabek: ik      200  /       202 time left       0.0s time elapsed:        1.7s
 calculate energy band  done
 Time cost for SlabBand_calc is about           25.126 s
 << End of calculating the slab band structure
  
 >> Start of calculating the surface state
 SurfaceSS, ik          10 Nk         202 time left   350.976000018418       s
 SurfaceSS, ik          20 Nk         202 time left   335.790000016103       s
 SurfaceSS, ik          30 Nk         202 time left   308.051999994554       s
 SurfaceSS, ik          40 Nk         202 time left   252.396000012523       s
 SurfaceSS, ik          50 Nk         202 time left   213.863999983296       s
 SurfaceSS, ik          60 Nk         202 time left   198.941999993520       s
 SurfaceSS, ik          70 Nk         202 time left   200.111999992747       s
 SurfaceSS, ik          80 Nk         202 time left   208.985999998637       s
 SurfaceSS, ik          90 Nk         202 time left   215.376000007614       s
 SurfaceSS, ik         100 Nk         202 time left   191.352000004845       s
 SurfaceSS, ik         110 Nk         202 time left   176.087999999058       s
 SurfaceSS, ik         120 Nk         202 time left   150.224000004353       s
 SurfaceSS, ik         130 Nk         202 time left   122.039999996312       s
 SurfaceSS, ik         140 Nk         202 time left   88.5359999972861       s
 SurfaceSS, ik         150 Nk         202 time left   74.3080000001937       s
 SurfaceSS, ik         160 Nk         202 time left   61.3199999984354       s
 SurfaceSS, ik         170 Nk         202 time left   52.6400000005960       s
 SurfaceSS, ik         180 Nk         202 time left   40.1060000020079       s
 SurfaceSS, ik         190 Nk         202 time left   21.8880000002682       s
 SurfaceSS, ik         200 Nk         202 time left   3.68200000002980       s
 ndim          66
 knv2,omeganum,eta_broadening         202         401  8.977556109725686E-003
 calculate density of state successfully
 Time cost for SlabSS_calc is about          397.751 s
 End of calculating the surface state
  
 Time cost for whole program is about          444.137 s
  
  
  =======================================================================
  Congratulations! you finished the calculation.
  I hope you could find something useful from this calculation.
  If so, I would like to ask you to cite our this paper:
  
  WannierTools : An open-source software package for novel topological materials
  QuanSheng Wu and ShengNan Zhang and Hai-Feng Song and Matthias Troyer and Alexey A. Soluyanov
  Computer Physics Communications 224, 405 (2018)
  https://doi.org/10.1016/j.cpc.2017.09.033
  
  For bugs, please report to wuquansheng@gmail.com                   
  or wanniertools@groups.google.com.                 
  More information could find on www.wanniertools.com            
  See you next time :)
  =======================================================================
